"Time (UTCG)","Azimuth (deg)","Elevation (deg)","Range (km)"
15 Jun 2022 20:09:09.443,136.371,60.014,1099.997253
15 Jun 2022 20:09:10.000,136.149,60.182,1098.444337
15 Jun 2022 20:09:11.000,135.743,60.484,1095.685074
15 Jun 2022 20:09:12.000,135.327,60.786,1092.962965
15 Jun 2022 20:09:13.000,134.901,61.088,1090.278293
15 Jun 2022 20:09:14.000,134.465,61.389,1087.631337
15 Jun 2022 20:09:15.000,134.019,61.691,1085.022377
15 Jun 2022 20:09:16.000,133.561,61.992,1082.451691
15 Jun 2022 20:09:17.000,133.092,62.294,1079.919555
15 Jun 2022 20:09:18.000,132.612,62.594,1077.426245
15 Jun 2022 20:09:19.000,132.119,62.895,1074.972034
15 Jun 2022 20:09:20.000,131.614,63.194,1072.557193
15 Jun 2022 20:09:21.000,131.096,63.493,1070.181991
15 Jun 2022 20:09:22.000,130.565,63.792,1067.846697
15 Jun 2022 20:09:23.000,130.020,64.089,1065.551575
15 Jun 2022 20:09:24.000,129.461,64.386,1063.296889
15 Jun 2022 20:09:25.000,128.888,64.681,1061.082899
15 Jun 2022 20:09:26.000,128.299,64.975,1058.909864
15 Jun 2022 20:09:27.000,127.695,65.268,1056.778039
15 Jun 2022 20:09:28.000,127.075,65.559,1054.687676
15 Jun 2022 20:09:29.000,126.438,65.849,1052.639025
15 Jun 2022 20:09:30.000,125.785,66.137,1050.632333
15 Jun 2022 20:09:31.000,125.114,66.423,1048.667843
15 Jun 2022 20:09:32.000,124.425,66.707,1046.745796
15 Jun 2022 20:09:33.000,123.717,66.989,1044.866428
15 Jun 2022 20:09:34.000,122.991,67.269,1043.029973
15 Jun 2022 20:09:35.000,122.244,67.546,1041.236659
15 Jun 2022 20:09:36.000,121.478,67.820,1039.486714
15 Jun 2022 20:09:37.000,120.691,68.092,1037.780357
15 Jun 2022 20:09:38.000,119.882,68.360,1036.117808
15 Jun 2022 20:09:39.000,119.052,68.625,1034.499279
15 Jun 2022 20:09:40.000,118.199,68.886,1032.924980
15 Jun 2022 20:09:41.000,117.324,69.144,1031.395115
15 Jun 2022 20:09:42.000,116.425,69.398,1029.909885
15 Jun 2022 20:09:43.000,115.503,69.648,1028.469484
15 Jun 2022 20:09:44.000,114.556,69.893,1027.074104
15 Jun 2022 20:09:45.000,113.584,70.133,1025.723931
15 Jun 2022 20:09:46.000,112.587,70.369,1024.419144
15 Jun 2022 20:09:47.000,111.564,70.600,1023.159920
15 Jun 2022 20:09:48.000,110.516,70.825,1021.946429
15 Jun 2022 20:09:49.000,109.442,71.044,1020.778836
15 Jun 2022 20:09:50.000,108.341,71.257,1019.657299
15 Jun 2022 20:09:51.000,107.214,71.464,1018.581974
15 Jun 2022 20:09:52.000,106.060,71.665,1017.553007
15 Jun 2022 20:09:53.000,104.879,71.859,1016.570542
15 Jun 2022 20:09:54.000,103.673,72.046,1015.634715
15 Jun 2022 20:09:55.000,102.439,72.225,1014.745656
15 Jun 2022 20:09:56.000,101.180,72.396,1013.903490
15 Jun 2022 20:09:57.000,99.896,72.560,1013.108336
15 Jun 2022 20:09:58.000,98.587,72.715,1012.360305
15 Jun 2022 20:09:59.000,97.253,72.862,1011.659503
15 Jun 2022 20:10:00.000,95.896,73.000,1011.006030
15 Jun 2022 20:10:01.000,94.516,73.129,1010.399972
15 Jun 2022 20:10:02.000,93.115,73.249,1009.841422
15 Jun 2022 20:10:03.000,91.693,73.359,1009.330460
15 Jun 2022 20:10:04.000,90.253,73.459,1008.867161
15 Jun 2022 20:10:05.000,88.795,73.549,1008.451589
15 Jun 2022 20:10:06.000,87.321,73.629,1008.083806
15 Jun 2022 20:10:07.000,85.833,73.699,1007.763864
15 Jun 2022 20:10:08.000,84.333,73.758,1007.491810
15 Jun 2022 20:10:09.000,82.822,73.806,1007.267684
15 Jun 2022 20:10:10.000,81.303,73.844,1007.091518
15 Jun 2022 20:10:11.000,79.778,73.870,1006.963338
15 Jun 2022 20:10:12.000,78.248,73.886,1006.883164
15 Jun 2022 20:10:13.000,76.716,73.891,1006.851006
15 Jun 2022 20:10:14.000,75.185,73.884,1006.866871
15 Jun 2022 20:10:15.000,73.656,73.867,1006.930757
15 Jun 2022 20:10:16.000,72.131,73.838,1007.042654
15 Jun 2022 20:10:17.000,70.613,73.799,1007.202548
15 Jun 2022 20:10:18.000,69.103,73.749,1007.410416
15 Jun 2022 20:10:19.000,67.604,73.688,1007.666228
15 Jun 2022 20:10:20.000,66.118,73.617,1007.969948
15 Jun 2022 20:10:21.000,64.646,73.535,1008.321533
15 Jun 2022 20:10:22.000,63.190,73.444,1008.720933
15 Jun 2022 20:10:23.000,61.752,73.342,1009.168092
15 Jun 2022 20:10:24.000,60.333,73.230,1009.662946
15 Jun 2022 20:10:25.000,58.935,73.109,1010.205425
15 Jun 2022 20:10:26.000,57.558,72.978,1010.795452
15 Jun 2022 20:10:27.000,56.203,72.839,1011.432944
15 Jun 2022 20:10:28.000,54.873,72.690,1012.117810
15 Jun 2022 20:10:29.000,53.566,72.534,1012.849956
15 Jun 2022 20:10:30.000,52.285,72.368,1013.629278
15 Jun 2022 20:10:31.000,51.030,72.195,1014.455666
15 Jun 2022 20:10:32.000,49.800,72.015,1015.329006
15 Jun 2022 20:10:33.000,48.596,71.827,1016.249177
15 Jun 2022 20:10:34.000,47.419,71.631,1017.216050
15 Jun 2022 20:10:35.000,46.269,71.429,1018.229492
15 Jun 2022 20:10:36.000,45.145,71.221,1019.289364
15 Jun 2022 20:10:37.000,44.047,71.006,1020.395520
15 Jun 2022 20:10:38.000,42.976,70.786,1021.547810
15 Jun 2022 20:10:39.000,41.931,70.559,1022.746076
15 Jun 2022 20:10:40.000,40.912,70.328,1023.990156
15 Jun 2022 20:10:41.000,39.919,70.091,1025.279884
15 Jun 2022 20:10:42.000,38.950,69.849,1026.615086
15 Jun 2022 20:10:43.000,38.006,69.602,1027.995583
15 Jun 2022 20:10:44.000,37.087,69.352,1029.421193
15 Jun 2022 20:10:45.000,36.191,69.097,1030.891728
15 Jun 2022 20:10:46.000,35.319,68.838,1032.406995
15 Jun 2022 20:10:47.000,34.469,68.575,1033.966795
15 Jun 2022 20:10:48.000,33.642,68.309,1035.570926
15 Jun 2022 20:10:49.000,32.836,68.040,1037.219182
15 Jun 2022 20:10:50.000,32.052,67.767,1038.911352
15 Jun 2022 20:10:51.000,31.288,67.492,1040.647219
15 Jun 2022 20:10:52.000,30.544,67.214,1042.426564
15 Jun 2022 20:10:53.000,29.820,66.933,1044.249163
15 Jun 2022 20:10:54.000,29.115,66.650,1046.114790
15 Jun 2022 20:10:55.000,28.429,66.365,1048.023212
15 Jun 2022 20:10:56.000,27.760,66.078,1049.974195
15 Jun 2022 20:10:57.000,27.109,65.789,1051.967501
15 Jun 2022 20:10:58.000,26.475,65.498,1054.002887
15 Jun 2022 20:10:59.000,25.857,65.206,1056.080109
15 Jun 2022 20:11:00.000,25.255,64.912,1058.198918
15 Jun 2022 20:11:01.000,24.668,64.617,1060.359064
15 Jun 2022 20:11:02.000,24.097,64.320,1062.560293
15 Jun 2022 20:11:03.000,23.540,64.023,1064.802348
15 Jun 2022 20:11:04.000,22.997,63.725,1067.084969
15 Jun 2022 20:11:05.000,22.468,63.425,1069.407896
15 Jun 2022 20:11:06.000,21.952,63.125,1071.770864
15 Jun 2022 20:11:07.000,21.449,62.825,1074.173606
15 Jun 2022 20:11:08.000,20.958,62.523,1076.615855
15 Jun 2022 20:11:09.000,20.479,62.222,1079.097340
15 Jun 2022 20:11:10.000,20.012,61.920,1081.617789
15 Jun 2022 20:11:11.000,19.556,61.617,1084.176928
15 Jun 2022 20:11:12.000,19.111,61.315,1086.774482
15 Jun 2022 20:11:13.000,18.677,61.012,1089.410172
15 Jun 2022 20:11:14.000,18.252,60.709,1092.083722
15 Jun 2022 20:11:15.000,17.838,60.407,1094.794851
15 Jun 2022 20:11:16.000,17.434,60.104,1097.543278
15 Jun 2022 20:11:16.882,17.085,59.837,1099.998122

